{"focal_y": 0.8733446002006531, "poses": [[[1.0, 0.0, 0.0, 0.0], [0.0, 1.0, 0.0, 0.0], [0.0, 0.0, 1.0, 3.0], [0.0, 0.0, 0.0, 1.0]], [[0.7071067811865472, 0.24184476264797522, -0.6644630243886747, -1.993389073166024], [2.7755575615628914e-17, 0.9396926207859082, 0.3420201433256687, 1.0260604299770062], [0.7071067811865475, -0.24184476264797525, 0.6644630243886744, 1.9933890731660233], [0.0, 0.0, 0.0, 1.0]], [[0.7660444431189781, 0.21984631039295416, -0.6040227735550536, -1.8120683206651609], [0.0, 0.9396926207859084, 0.3420201433256687, 1.0260604299770062], [0.6427876096865393, -0.2620026302293849, 0.7198463103929542, 2.1595389311788624], [0.0, 0.0, 0.0, 1.0]], [[0.8191520442889918, 0.19617469496901108, -0.5389855446957563, -1.616956634087269], [-1.3877787807814457e-17, 0.9396926207859083, 0.34202014332566866, 1.026060429977006], [0.573576436351046, -0.2801664995932355, 0.7697511313200571, 2.309253393960171], [0.0, 0.0, 0.0, 1.0]], [[0.8660254037844386, 0.17101007166283433, -0.4698463103929541, -1.4095389311788624], [0.0, 0.9396926207859082, 0.34202014332566866, 1.026060429977006], [0.4999999999999999, -0.2961981327260238, 0.8137976813493736, 2.441393044048121], [0.0, 0.0, 0.0, 1.0]], [[0.9063077870366499, 0.144543958452599, -0.39713126196710286, -1.1913937859013086], [0.0, 0.9396926207859083, 0.3420201433256687, 1.0260604299770062], [0.42261826174069944, -0.3099755192194446, 0.8516507396391465, 2.5549522189174394], [0.0, 0.0, 0.0, 1.0]], [[0.9396926207859082, 0.11697777844051094, -0.32139380484326957, -0.9641814145298087], [-1.3877787807814457e-17, 0.9396926207859082, 0.3420201433256686, 1.0260604299770058], [0.3420201433256686, -0.32139380484326957, 0.8830222215594888, 2.6490666646784664], [0.0, 0.0, 0.0, 1.0]], [[0.9659258262890682, 0.08852132690137685, -0.2432103468016939, -0.7296310404050816], [-6.938893903907228e-18, 0.9396926207859082, 0.3420201433256686, 1.0260604299770058], [0.2588190451025207, -0.33036608954935204, 0.9076733711903685, 2.7230201135711054], [0.0, 0.0, 0.0, 1.0]], [[0.9848077530122079, 0.05939117461388469, -0.16317591116653482, -0.48952773349960443], [0.0, 0.9396926207859083, 0.34202014332566866, 1.026060429977006], [0.17364817766693033, -0.33682408883346515, 0.9254165783983233, 2.7762497351949698], [0.0, 0.0, 0.0, 1.0]], [[0.9961946980917457, 0.02980901962620916, -0.08189960831908934, -0.24569882495726802], [-1.734723475976807e-18, 0.9396926207859085, 0.3420201433256687, 1.0260604299770062], [0.08715574274765818, -0.34071865342161006, 0.9361168066628592, 2.8083504199885776], [0.0, 0.0, 0.0, 1.0]], [[0.9999999999999999, -0.0, 0.0, 0.0], [0.0, 0.9396926207859083, 0.34202014332566866, 1.026060429977006], [-0.0, -0.34202014332566866, 0.9396926207859083, 2.819077862357725], [0.0, 0.0, 0.0, 1.0]], [[0.9961946980917457, -0.02980901962620916, 0.08189960831908934, 0.24569882495726802], [1.734723475976807e-18, 0.9396926207859085, 0.3420201433256687, 1.0260604299770062], [-0.08715574274765818, -0.34071865342161006, 0.9361168066628592, 2.8083504199885776], [0.0, 0.0, 0.0, 1.0]], [[0.9848077530122079, -0.05939117461388469, 0.16317591116653482, 0.48952773349960443], [0.0, 0.9396926207859083, 0.34202014332566866, 1.026060429977006], [-0.17364817766693033, -0.33682408883346515, 0.9254165783983233, 2.7762497351949698], [0.0, 0.0, 0.0, 1.0]], [[0.9659258262890682, -0.08852132690137685, 0.2432103468016939, 0.7296310404050816], [6.938893903907228e-18, 0.9396926207859082, 0.3420201433256686, 1.0260604299770058], [-0.2588190451025207, -0.33036608954935204, 0.9076733711903685, 2.7230201135711054], [0.0, 0.0, 0.0, 1.0]], [[0.9396926207859082, -0.11697777844051094, 0.32139380484326957, 0.9641814145298087], [1.3877787807814457e-17, 0.9396926207859082, 0.3420201433256686, 1.0260604299770058], [-0.3420201433256686, -0.32139380484326957, 0.8830222215594888, 2.6490666646784664], [0.0, 0.0, 0.0, 1.0]], [[0.9063077870366499, -0.144543958452599, 0.39713126196710286, 1.1913937859013086], [0.0, 0.9396926207859083, 0.3420201433256687, 1.0260604299770062], [-0.42261826174069944, -0.3099755192194446, 0.8516507396391465, 2.5549522189174394], [0.0, 0.0, 0.0, 1.0]], [[0.8660254037844386, -0.17101007166283433, 0.4698463103929541, 1.4095389311788624], [0.0, 0.9396926207859082, 0.34202014332566866, 1.026060429977006], [-0.4999999999999999, -0.2961981327260238, 0.8137976813493736, 2.441393044048121], [0.0, 0.0, 0.0, 1.0]], [[0.8191520442889918, -0.19617469496901108, 0.5389855446957563, 1.616956634087269], [1.3877787807814457e-17, 0.9396926207859083, 0.34202014332566866, 1.026060429977006], [-0.573576436351046, -0.2801664995932355, 0.7697511313200571, 2.309253393960171], [0.0, 0.0, 0.0, 1.0]], [[0.7660444431189781, -0.21984631039295416, 0.6040227735550536, 1.8120683206651609], [0.0, 0.9396926207859084, 0.3420201433256687, 1.0260604299770062], [-0.6427876096865393, -0.2620026302293849, 0.7198463103929542, 2.1595389311788624], [0.0, 0.0, 0.0, 1.0]], [[0.7071067811865472, -0.24184476264797522, 0.6644630243886747, 1.993389073166024], [-2.7755575615628914e-17, 0.9396926207859082, 0.3420201433256687, 1.0260604299770062], [-0.7071067811865475, -0.24184476264797525, 0.6644630243886744, 1.9933890731660233], [0.0, 0.0, 0.0, 1.0]], [[0.7071067811865475, 0.12278780396897285, -0.696364240320019, -2.089092720960057], [-6.938893903907228e-18, 0.9848077530122081, 0.17364817766693033, 0.520944533000791], [0.7071067811865475, -0.12278780396897285, 0.696364240320019, 2.089092720960057], [0.0, 0.0, 0.0, 1.0]], [[0.7660444431189783, 0.11161889704894964, -0.6330222215594891, -1.8990666646784673], [-6.938893903907228e-18, 0.9848077530122082, 0.17364817766693036, 0.5209445330007911], [0.6427876096865394, -0.13302222155948906, 0.7544065067354893, 2.2632195202064675], [0.0, 0.0, 0.0, 1.0]], [[0.8191520442889918, 0.09960050292505121, -0.5648625214636235, -1.6945875643908703], [6.938893903907228e-18, 0.9848077530122081, 0.17364817766693033, 0.520944533000791], [0.5735764363510462, -0.142244259722924, 0.8067072841115988, 2.4201218523347965], [0.0, 0.0, 0.0, 1.0]], [[0.8660254037844387, 0.08682408883346517, -0.49240387650610407, -1.4772116295183122], [0.0, 0.9848077530122081, 0.17364817766693036, 0.5209445330007911], [0.5, -0.1503837331804353, 0.8528685319524433, 2.5586055958573297], [0.0, 0.0, 0.0, 1.0]], [[0.9063077870366499, 0.07338689100003824, -0.4161977407267834, -1.2485932221803502], [0.0, 0.984807753012208, 0.17364817766693036, 0.5209445330007911], [0.4226182617406994, -0.15737869562426265, 0.89253893528903, 2.67761680586709], [0.0, 0.0, 0.0, 1.0]], [[0.9396926207859083, 0.05939117461388469, -0.33682408883346515, -1.0104722665003956], [0.0, 0.9848077530122079, 0.17364817766693033, 0.520944533000791], [0.34202014332566866, -0.16317591116653482, 0.9254165783983233, 2.7762497351949698], [0.0, 0.0, 0.0, 1.0]], [[0.9659258262890682, 0.04494345552754777, -0.25488700224417876, -0.7646610067325363], [0.0, 0.9848077530122079, 0.17364817766693033, 0.520944533000791], [0.2588190451025207, -0.1677312594965206, 0.9512512425641976, 2.8537537276925926], [0.0, 0.0, 0.0, 1.0]], [[0.9848077530122081, 0.030153689607045803, -0.17101007166283436, -0.5130302149885031], [0.0, 0.9848077530122081, 0.17364817766693033, 0.520944533000791], [0.17364817766693033, -0.17101007166283436, 0.9698463103929543, 2.909538931178863], [0.0, 0.0, 0.0, 1.0]], [[0.9961946980917455, 0.015134435901338623, -0.0858316511774313, -0.2574949535322939], [8.673617379884035e-19, 0.984807753012208, 0.17364817766693033, 0.520944533000791], [0.08715574274765817, -0.17298739392508947, 0.9810602621904069, 2.9431807865712205], [0.0, 0.0, 0.0, 1.0]], [[1.0, -0.0, 0.0, 0.0], [0.0, 0.9848077530122081, 0.17364817766693033, 0.520944533000791], [-0.0, -0.17364817766693033, 0.9848077530122081, 2.9544232590366244], [0.0, 0.0, 0.0, 1.0]], [[0.9961946980917455, -0.015134435901338623, 0.0858316511774313, 0.2574949535322939], [-8.673617379884035e-19, 0.984807753012208, 0.17364817766693033, 0.520944533000791], [-0.08715574274765817, -0.17298739392508947, 0.9810602621904069, 2.9431807865712205], [0.0, 0.0, 0.0, 1.0]], [[0.9848077530122081, -0.030153689607045803, 0.17101007166283436, 0.5130302149885031], [0.0, 0.9848077530122081, 0.17364817766693033, 0.520944533000791], [-0.17364817766693033, -0.17101007166283436, 0.9698463103929543, 2.909538931178863], [0.0, 0.0, 0.0, 1.0]], [[0.9659258262890682, -0.04494345552754777, 0.25488700224417876, 0.7646610067325363], [0.0, 0.9848077530122079, 0.17364817766693033, 0.520944533000791], [-0.2588190451025207, -0.1677312594965206, 0.9512512425641976, 2.8537537276925926], [0.0, 0.0, 0.0, 1.0]], [[0.9396926207859083, -0.05939117461388469, 0.33682408883346515, 1.0104722665003956], [0.0, 0.9848077530122079, 0.17364817766693033, 0.520944533000791], [-0.34202014332566866, -0.16317591116653482, 0.9254165783983233, 2.7762497351949698], [0.0, 0.0, 0.0, 1.0]], [[0.9063077870366499, -0.07338689100003824, 0.4161977407267834, 1.2485932221803502], [0.0, 0.984807753012208, 0.17364817766693036, 0.5209445330007911], [-0.4226182617406994, -0.15737869562426265, 0.89253893528903, 2.67761680586709], [0.0, 0.0, 0.0, 1.0]], [[0.8660254037844387, -0.08682408883346517, 0.49240387650610407, 1.4772116295183122], [0.0, 0.9848077530122081, 0.17364817766693036, 0.5209445330007911], [-0.5, -0.1503837331804353, 0.8528685319524433, 2.5586055958573297], [0.0, 0.0, 0.0, 1.0]], [[0.8191520442889918, -0.09960050292505121, 0.5648625214636235, 1.6945875643908703], [-6.938893903907228e-18, 0.9848077530122081, 0.17364817766693033, 0.520944533000791], [-0.5735764363510462, -0.142244259722924, 0.8067072841115988, 2.4201218523347965], [0.0, 0.0, 0.0, 1.0]], [[0.7660444431189783, -0.11161889704894964, 0.6330222215594891, 1.8990666646784673], [6.938893903907228e-18, 0.9848077530122082, 0.17364817766693036, 0.5209445330007911], [-0.6427876096865394, -0.13302222155948906, 0.7544065067354893, 2.2632195202064675], [0.0, 0.0, 0.0, 1.0]], [[0.7071067811865475, -0.12278780396897285, 0.696364240320019, 2.089092720960057], [6.938893903907228e-18, 0.9848077530122081, 0.17364817766693033, 0.520944533000791], [-0.7071067811865475, -0.12278780396897285, 0.696364240320019, 2.089092720960057], [0.0, 0.0, 0.0, 1.0]], [[0.7071067811865475, -0.0, -0.7071067811865476, -2.121320343559643], [0.0, 1.0, -0.0, 0.0], [0.7071067811865476, 0.0, 0.7071067811865475, 2.1213203435596424], [0.0, 0.0, 0.0, 1.0]], [[0.7660444431189781, -0.0, -0.6427876096865394, -1.9283628290596182], [0.0, 1.0, -0.0, 0.0], [0.6427876096865394, 0.0, 0.7660444431189781, 2.2981333293569346], [0.0, 0.0, 0.0, 1.0]], [[0.8191520442889919, -0.0, -0.573576436351046, -1.7207293090531381], [0.0, 1.0, -0.0, 0.0], [0.573576436351046, 0.0, 0.8191520442889919, 2.4574561328669757], [0.0, 0.0, 0.0, 1.0]], [[0.8660254037844387, -0.0, -0.49999999999999994, -1.4999999999999998], [0.0, 1.0, -0.0, 0.0], [0.49999999999999994, 0.0, 0.8660254037844387, 2.598076211353316], [0.0, 0.0, 0.0, 1.0]], [[0.90630778703665, -0.0, -0.42261826174069944, -1.2678547852220983], [0.0, 1.0, -0.0, 0.0], [0.42261826174069944, 0.0, 0.90630778703665, 2.71892336110995], [0.0, 0.0, 0.0, 1.0]], [[0.9396926207859083, -0.0, -0.34202014332566866, -1.026060429977006], [0.0, 0.9999999999999999, -0.0, 0.0], [0.34202014332566866, 0.0, 0.9396926207859083, 2.819077862357725], [0.0, 0.0, 0.0, 1.0]], [[0.9659258262890682, -0.0, -0.25881904510252074, -0.7764571353075622], [0.0, 1.0, -0.0, 0.0], [0.25881904510252074, 0.0, 0.9659258262890682, 2.8977774788672046], [0.0, 0.0, 0.0, 1.0]], [[0.9848077530122081, -0.0, -0.17364817766693033, -0.520944533000791], [0.0, 1.0, -0.0, 0.0], [0.17364817766693033, 0.0, 0.9848077530122081, 2.9544232590366244], [0.0, 0.0, 0.0, 1.0]], [[0.9961946980917457, -0.0, -0.08715574274765818, -0.2614672282429745], [0.0, 1.0000000000000002, -0.0, 0.0], [0.08715574274765818, 0.0, 0.9961946980917457, 2.988584094275237], [0.0, 0.0, 0.0, 1.0]], [[0.9961946980917457, 0.0, 0.08715574274765818, 0.2614672282429745], [0.0, 1.0000000000000002, 0.0, 0.0], [-0.08715574274765818, 0.0, 0.9961946980917457, 2.988584094275237], [0.0, 0.0, 0.0, 1.0]], [[0.9848077530122081, 0.0, 0.17364817766693033, 0.520944533000791], [0.0, 1.0, 0.0, 0.0], [-0.17364817766693033, 0.0, 0.9848077530122081, 2.9544232590366244], [0.0, 0.0, 0.0, 1.0]], [[0.9659258262890682, 0.0, 0.25881904510252074, 0.7764571353075622], [0.0, 1.0, 0.0, 0.0], [-0.25881904510252074, 0.0, 0.9659258262890682, 2.8977774788672046], [0.0, 0.0, 0.0, 1.0]], [[0.9396926207859083, 0.0, 0.34202014332566866, 1.026060429977006], [0.0, 0.9999999999999999, 0.0, 0.0], [-0.34202014332566866, 0.0, 0.9396926207859083, 2.819077862357725], [0.0, 0.0, 0.0, 1.0]], [[0.90630778703665, 0.0, 0.42261826174069944, 1.2678547852220983], [0.0, 1.0, 0.0, 0.0], [-0.42261826174069944, 0.0, 0.90630778703665, 2.71892336110995], [0.0, 0.0, 0.0, 1.0]], [[0.8660254037844387, 0.0, 0.49999999999999994, 1.4999999999999998], [0.0, 1.0, 0.0, 0.0], [-0.49999999999999994, 0.0, 0.8660254037844387, 2.598076211353316], [0.0, 0.0, 0.0, 1.0]], [[0.8191520442889919, 0.0, 0.573576436351046, 1.7207293090531381], [0.0, 1.0, 0.0, 0.0], [-0.573576436351046, 0.0, 0.8191520442889919, 2.4574561328669757], [0.0, 0.0, 0.0, 1.0]], [[0.7660444431189781, 0.0, 0.6427876096865394, 1.9283628290596182], [0.0, 1.0, 0.0, 0.0], [-0.6427876096865394, 0.0, 0.7660444431189781, 2.2981333293569346], [0.0, 0.0, 0.0, 1.0]], [[0.7071067811865475, 0.0, 0.7071067811865476, 2.121320343559643], [0.0, 1.0, 0.0, 0.0], [-0.7071067811865476, 0.0, 0.7071067811865475, 2.1213203435596424], [0.0, 0.0, 0.0, 1.0]], [[0.7071067811865475, -0.12278780396897285, -0.696364240320019, -2.089092720960057], [6.938893903907228e-18, 0.9848077530122081, -0.17364817766693033, -0.520944533000791], [0.7071067811865475, 0.12278780396897285, 0.696364240320019, 2.089092720960057], [0.0, 0.0, 0.0, 1.0]], [[0.7660444431189783, -0.11161889704894964, -0.6330222215594891, -1.8990666646784673], [6.938893903907228e-18, 0.9848077530122082, -0.17364817766693036, -0.5209445330007911], [0.6427876096865394, 0.13302222155948906, 0.7544065067354893, 2.2632195202064675], [0.0, 0.0, 0.0, 1.0]], [[0.8191520442889918, -0.09960050292505121, -0.5648625214636235, -1.6945875643908703], [-6.938893903907228e-18, 0.9848077530122081, -0.17364817766693033, -0.520944533000791], [0.5735764363510462, 0.142244259722924, 0.8067072841115988, 2.4201218523347965], [0.0, 0.0, 0.0, 1.0]], [[0.8660254037844387, -0.08682408883346517, -0.49240387650610407, -1.4772116295183122], [0.0, 0.9848077530122081, -0.17364817766693036, -0.5209445330007911], [0.5, 0.1503837331804353, 0.8528685319524433, 2.5586055958573297], [0.0, 0.0, 0.0, 1.0]], [[0.9063077870366499, -0.07338689100003824, -0.4161977407267834, -1.2485932221803502], [0.0, 0.984807753012208, -0.17364817766693036, -0.5209445330007911], [0.4226182617406994, 0.15737869562426265, 0.89253893528903, 2.67761680586709], [0.0, 0.0, 0.0, 1.0]], [[0.9396926207859083, -0.05939117461388469, -0.33682408883346515, -1.0104722665003956], [0.0, 0.9848077530122079, -0.17364817766693033, -0.520944533000791], [0.34202014332566866, 0.16317591116653482, 0.9254165783983233, 2.7762497351949698], [0.0, 0.0, 0.0, 1.0]], [[0.9659258262890682, -0.04494345552754777, -0.25488700224417876, -0.7646610067325363], [0.0, 0.9848077530122079, -0.17364817766693033, -0.520944533000791], [0.2588190451025207, 0.1677312594965206, 0.9512512425641976, 2.8537537276925926], [0.0, 0.0, 0.0, 1.0]], [[0.9848077530122081, -0.030153689607045803, -0.17101007166283436, -0.5130302149885031], [0.0, 0.9848077530122081, -0.17364817766693033, -0.520944533000791], [0.17364817766693033, 0.17101007166283436, 0.9698463103929543, 2.909538931178863], [0.0, 0.0, 0.0, 1.0]], [[0.9961946980917455, -0.015134435901338623, -0.0858316511774313, -0.2574949535322939], [-8.673617379884035e-19, 0.984807753012208, -0.17364817766693033, -0.520944533000791], [0.08715574274765817, 0.17298739392508947, 0.9810602621904069, 2.9431807865712205], [0.0, 0.0, 0.0, 1.0]], [[1.0, 0.0, 0.0, 0.0], [0.0, 0.9848077530122081, -0.17364817766693033, -0.520944533000791], [0.0, 0.17364817766693033, 0.9848077530122081, 2.9544232590366244], [0.0, 0.0, 0.0, 1.0]], [[0.9961946980917455, 0.015134435901338623, 0.0858316511774313, 0.2574949535322939], [8.673617379884035e-19, 0.984807753012208, -0.17364817766693033, -0.520944533000791], [-0.08715574274765817, 0.17298739392508947, 0.9810602621904069, 2.9431807865712205], [0.0, 0.0, 0.0, 1.0]], [[0.9848077530122081, 0.030153689607045803, 0.17101007166283436, 0.5130302149885031], [0.0, 0.9848077530122081, -0.17364817766693033, -0.520944533000791], [-0.17364817766693033, 0.17101007166283436, 0.9698463103929543, 2.909538931178863], [0.0, 0.0, 0.0, 1.0]], [[0.9659258262890682, 0.04494345552754777, 0.25488700224417876, 0.7646610067325363], [0.0, 0.9848077530122079, -0.17364817766693033, -0.520944533000791], [-0.2588190451025207, 0.1677312594965206, 0.9512512425641976, 2.8537537276925926], [0.0, 0.0, 0.0, 1.0]], [[0.9396926207859083, 0.05939117461388469, 0.33682408883346515, 1.0104722665003956], [0.0, 0.9848077530122079, -0.17364817766693033, -0.520944533000791], [-0.34202014332566866, 0.16317591116653482, 0.9254165783983233, 2.7762497351949698], [0.0, 0.0, 0.0, 1.0]], [[0.9063077870366499, 0.07338689100003824, 0.4161977407267834, 1.2485932221803502], [0.0, 0.984807753012208, -0.17364817766693036, -0.5209445330007911], [-0.4226182617406994, 0.15737869562426265, 0.89253893528903, 2.67761680586709], [0.0, 0.0, 0.0, 1.0]], [[0.8660254037844387, 0.08682408883346517, 0.49240387650610407, 1.4772116295183122], [0.0, 0.9848077530122081, -0.17364817766693036, -0.5209445330007911], [-0.5, 0.1503837331804353, 0.8528685319524433, 2.5586055958573297], [0.0, 0.0, 0.0, 1.0]], [[0.8191520442889918, 0.09960050292505121, 0.5648625214636235, 1.6945875643908703], [6.938893903907228e-18, 0.9848077530122081, -0.17364817766693033, -0.520944533000791], [-0.5735764363510462, 0.142244259722924, 0.8067072841115988, 2.4201218523347965], [0.0, 0.0, 0.0, 1.0]], [[0.7660444431189783, 0.11161889704894964, 0.6330222215594891, 1.8990666646784673], [-6.938893903907228e-18, 0.9848077530122082, -0.17364817766693036, -0.5209445330007911], [-0.6427876096865394, 0.13302222155948906, 0.7544065067354893, 2.2632195202064675], [0.0, 0.0, 0.0, 1.0]], [[0.7071067811865475, 0.12278780396897285, 0.696364240320019, 2.089092720960057], [-6.938893903907228e-18, 0.9848077530122081, -0.17364817766693033, -0.520944533000791], [-0.7071067811865475, 0.12278780396897285, 0.696364240320019, 2.089092720960057], [0.0, 0.0, 0.0, 1.0]]], "generation_sets": [[47, 46, 49, 66, 30], [45, 27, 63, 25], [50, 32, 10], [61, 43, 23], [59, 41, 4], [40, 57, 39, 20], [13, 52, 69], [71, 54, 35], [55, 16, 73], [56, 38, 75], [1, 7], [19], [48], [42], [53], [44], [51], [21], [37], [64], [68], [34], [58], [74], [26], [29], [28], [31], [65], [67], [24], [33], [62], [70], [22], [36], [60], [72], [2], [18], [9], [11], [6], [14], [8], [12], [5], [15], [3], [17]], "generation_sets_conditioning": [[0], [46, 47], [49, 30, 27], [63, 45, 25], [61, 43, 23, 25], [41, 59, 23], [32, 30, 50, 49], [69, 52, 50, 32], [54, 35, 13, 71], [55, 54, 73], [20, 4, 25, 27], [38, 16], [49, 0, 47], [43, 41, 23], [52, 54, 35], [45, 43, 42], [50, 52, 53], [20, 23, 40], [38, 35, 55], [63, 66, 46], [69, 66, 49], [35, 32, 52], [59, 57, 40], [73, 75, 55], [25, 27, 7], [30, 27, 0], [27, 29, 30], [30, 32, 29], [64, 66, 63], [68, 66, 69], [25, 23, 26], [34, 32, 35], [61, 63, 64], [71, 69, 68], [23, 21, 24], [35, 37, 34], [59, 61, 58], [73, 71, 74], [1, 4, 21], [19, 16, 37], [10, 7, 28], [10, 13, 9], [7, 4, 25], [13, 16, 33], [7, 9, 6], [13, 11, 14], [4, 6, 7], [16, 14, 13], [2, 4, 1], [18, 16, 19]]}