{"focal_y": 0.8574830889701843, "poses": [[[0.9999464750289917, 0.0017511025071144104, -0.010193880647420883, 0.027700698003172874], [-0.01019250974059105, -0.0007907664403319359, -0.9999477863311768, 0.34730884432792664], [-0.0017590724164620042, 0.999998152256012, -0.0007728766067884862, 0.009711413644254208], [0.0, 0.0, 0.0, 1.0]], [[0.9999464750289917, 0.0017511025071144104, -0.010193880647420883, -0.472272539511323], [-0.01019250974059105, -0.0007907664403319359, -0.9999477863311768, 0.35240509919822216], [-0.0017590724164620042, 0.999998152256012, -0.0007728766067884862, 0.01059094985248521], [0.0, 0.0, 0.0, 1.0]], [[0.9997433423995972, 0.0022996519692242146, -0.022536035627126694, 0.025430794805288315], [-0.022534973919391632, -0.00048705455265007913, -0.9997459053993225, 0.5066549181938171], [-0.0023100438993424177, 0.9999971985816956, -0.0004351063980720937, 0.01671060547232628], [0.0, 0.0, 0.0, 1.0]], [[0.9997433423995972, 0.0022996519692242146, -0.022536035627126694, -0.47444087639451027], [-0.022534973919391632, -0.00048705455265007913, -0.9997459053993225, 0.517922405153513], [-0.0023100438993424177, 0.9999971985816956, -0.0004351063980720937, 0.017865627421997488], [0.0, 0.0, 0.0, 1.0]], [[0.9993287920951843, 0.003065219148993492, -0.036505527794361115, 0.027848292142152786], [-0.03650323301553726, -0.000801407324615866, -0.9993332028388977, 0.6728904247283936], [-0.0030924309976398945, 0.9999949932098389, -0.0006889786454848945, 0.016865847632288933], [0.0, 0.0, 0.0, 1.0]], [[0.9993287920951843, 0.003065219148993492, -0.036505527794361115, -0.4718161039054394], [-0.03650323301553726, -0.000801407324615866, -0.9993332028388977, 0.6911420412361622], [-0.0030924309976398945, 0.9999949932098389, -0.0006889786454848945, 0.01841206313110888], [0.0, 0.0, 0.0, 1.0]], [[0.998805582523346, 0.0037937758024781942, -0.048713769763708115, 0.03537873178720474], [-0.048712678253650665, -0.00037957236054353416, -0.9988127946853638, 0.8529536724090576], [-0.0038077624049037695, 0.9999927282333374, -0.00019431464897934347, 0.02447446994483471], [0.0, 0.0, 0.0, 1.0]], [[0.998805582523346, 0.0037937758024781942, -0.048713769763708115, -0.46402405947446823], [-0.048712678253650665, -0.00037957236054353416, -0.9988127946853638, 0.877310011535883], [-0.0038077624049037695, 0.9999927282333374, -0.00019431464897934347, 0.026378351147286594], [0.0, 0.0, 0.0, 1.0]], [[0.9982571005821228, 0.004233917221426964, -0.05886286497116089, 0.03883277252316475], [-0.05885998532176018, -0.0008006026619113982, -0.9982659220695496, 1.0403016805648804], [-0.0042737009935081005, 0.999990701675415, -0.0005499993567354977, 0.02338498644530773], [0.0, 0.0, 0.0, 1.0]], [[0.9982571005821228, 0.004233917221426964, -0.05886286497116089, -0.46029577776789665], [-0.05885998532176018, -0.0008006026619113982, -0.9982659220695496, 1.0697316732257605], [-0.0042737009935081005, 0.999990701675415, -0.0005499993567354977, 0.025521836942061782], [0.0, 0.0, 0.0, 1.0]], [[0.997442901134491, 0.004794723354279995, -0.07130701839923859, 0.04225657135248184], [-0.07130204886198044, -0.001197660225443542, -0.997454047203064, 1.2359740734100342], [-0.004867918323725462, 0.999987781047821, -0.0008527247700840235, 0.03066967986524105], [0.0, 0.0, 0.0, 1.0]], [[0.997442901134491, 0.004794723354279995, -0.07130701839923859, -0.45646487921476364], [-0.07130204886198044, -0.001197660225443542, -0.997454047203064, 1.2716250978410244], [-0.004867918323725462, 0.999987781047821, -0.0008527247700840235, 0.03310363902710378], [0.0, 0.0, 0.0, 1.0]], [[0.9964962005615234, 0.005427813157439232, -0.08346133679151535, 0.050484657287597656], [-0.08345111459493637, -0.0020837641786783934, -0.9965097308158875, 1.4119688272476196], [-0.005582782905548811, 0.9999831318855286, -0.0016235059592872858, 0.03735597804188728], [0.0, 0.0, 0.0, 1.0]], [[0.9964962005615234, 0.005427813157439232, -0.08346133679151535, -0.44776344299316406], [-0.08345111459493637, -0.0020837641786783934, -0.9965097308158875, 1.4536943845450878], [-0.005582782905548811, 0.9999831318855286, -0.0016235059592872858, 0.04014736949466169], [0.0, 0.0, 0.0, 1.0]], [[0.9957309365272522, 0.006656602956354618, -0.09206254035234451, 0.07578089088201523], [-0.09204696863889694, -0.0026091847103089094, -0.9957512617111206, 1.5971338748931885], [-0.006868528667837381, 0.9999744296073914, -0.001985326176509261, 0.046310391277074814], [0.0, 0.0, 0.0, 1.0]], [[0.9957309365272522, 0.006656602956354618, -0.09206254035234451, -0.42208457738161087], [-0.09204696863889694, -0.0026091847103089094, -0.9957512617111206, 1.643157359212637], [-0.006868528667837381, 0.9999744296073914, -0.001985326176509261, 0.049744655610993505], [0.0, 0.0, 0.0, 1.0]], [[0.9954317808151245, 0.0070139565505087376, -0.09521758556365967, 0.09828078001737595], [-0.09519053250551224, -0.004095403011888266, -0.9954506158828735, 1.7637147903442383], [-0.007372002117335796, 0.9999669790267944, -0.00340903177857399, 0.0524127371609211], [0.0, 0.0, 0.0, 1.0]], [[0.9954317808151245, 0.0070139565505087376, -0.09521758556365967, -0.3994351103901863], [-0.09519053250551224, -0.004095403011888266, -0.9954506158828735, 1.8113100565969944], [-0.007372002117335796, 0.9999669790267944, -0.00340903177857399, 0.056098738219588995], [0.0, 0.0, 0.0, 1.0]], [[0.9951836466789246, 0.007146945223212242, -0.09776736795902252, 0.11777453124523163], [-0.09773630648851395, -0.0045745717361569405, -0.995201826095581, 1.9385355710983276], [-0.007559896446764469, 0.9999639987945557, -0.003854023292660713, 0.0521886944770813], [0.0, 0.0, 0.0, 1.0]], [[0.9951836466789246, 0.007146945223212242, -0.09776736795902252, -0.37981729209423065], [-0.09773630648851395, -0.0045745717361569405, -0.995201826095581, 1.9874037243425846], [-0.007559896446764469, 0.9999639987945557, -0.003854023292660713, 0.05596864270046353], [0.0, 0.0, 0.0, 1.0]], [[0.9948908090591431, 0.0075303250923752785, -0.10067597031593323, 0.1383802741765976], [-0.10062861442565918, -0.006424230057746172, -0.9949033260345459, 2.0918216705322266], [-0.00813871156424284, 0.9999510049819946, -0.0056336410343647, 0.06183645874261856], [0.0, 0.0, 0.0, 1.0]], [[0.9948908090591431, 0.0075303250923752785, -0.10067597031593323, -0.35906513035297394], [-0.10062861442565918, -0.006424230057746172, -0.9949033260345459, 2.142135977745056], [-0.00813871156424284, 0.9999510049819946, -0.0056336410343647, 0.06590581452473998], [0.0, 0.0, 0.0, 1.0]], [[0.9946645498275757, 0.007534032221883535, -0.1028871163725853, 0.16454677283763885], [-0.10283820331096649, -0.0066158059053123, -0.9946760535240173, 2.2494866847991943], [-0.008174602873623371, 0.9999496936798096, -0.005805719643831253, 0.06274204701185226], [0.0, 0.0, 0.0, 1.0]], [[0.9946645498275757, 0.007534032221883535, -0.1028871163725853, -0.332785502076149], [-0.10283820331096649, -0.0066158059053123, -0.9946760535240173, 2.3009057864546776], [-0.008174602873623371, 0.9999496936798096, -0.005805719643831253, 0.06682934844866395], [0.0, 0.0, 0.0, 1.0]], [[0.9943979978561401, 0.007012941874563694, -0.10546766966581345, 0.1933804154396057], [-0.1054162085056305, -0.007343173027038574, -0.9944010376930237, 2.397240161895752], [-0.007748143281787634, 0.9999484419822693, -0.006562758702784777, 0.07058248668909073], [0.0, 0.0, 0.0, 1.0]], [[0.9943979978561401, 0.007012941874563694, -0.10546766966581345, -0.30381858348846436], [-0.1054162085056305, -0.007343173027038574, -0.9944010376930237, 2.449948266148567], [-0.007748143281787634, 0.9999484419822693, -0.006562758702784777, 0.07445655832998455], [0.0, 0.0, 0.0, 1.0]], [[0.9943263530731201, 0.006603285204619169, -0.10616762936115265, 0.21546904742717743], [-0.10611630976200104, -0.007690840866416693, -0.9943239688873291, 2.5421974658966064], [-0.007382323034107685, 0.9999486207962036, -0.006946489680558443, 0.07477720081806183], [0.0, 0.0, 0.0, 1.0]], [[0.9943263530731201, 0.006603285204619169, -0.10616762936115265, -0.28169412910938263], [-0.10611630976200104, -0.007690840866416693, -0.9943239688873291, 2.595255620777607], [-0.007382323034107685, 0.9999486207962036, -0.006946489680558443, 0.07846836233511567], [0.0, 0.0, 0.0, 1.0]], [[0.9941931366920471, 0.006170924287289381, -0.1074332445859909, 0.23048321902751923], [-0.10737995058298111, -0.008402557112276554, -0.9941825866699219, 2.6947429180145264], [-0.007037739269435406, 0.9999457001686096, -0.007691131439059973, 0.08510151505470276], [0.0, 0.0, 0.0, 1.0]], [[0.9941931366920471, 0.006170924287289381, -0.1074332445859909, -0.26661334931850433], [-0.10737995058298111, -0.008402557112276554, -0.9941825866699219, 2.748432893306017], [-0.007037739269435406, 0.9999457001686096, -0.007691131439059973, 0.08862038468942046], [0.0, 0.0, 0.0, 1.0]], [[0.9938396215438843, 0.005876809358596802, -0.11067191511392593, 0.23985664546489716], [-0.1106199398636818, -0.008536801673471928, -0.993826150894165, 2.830512046813965], [-0.00678531127050519, 0.9999462962150574, -0.007834118790924549, 0.09733946621417999], [0.0, 0.0, 0.0, 1.0]], [[0.9938396215438843, 0.005876809358596802, -0.11067191511392593, -0.257063165307045], [-0.1106199398636818, -0.008536801673471928, -0.993826150894165, 2.8858220167458057], [-0.00678531127050519, 0.9999462962150574, -0.007834118790924549, 0.10073212184943259], [0.0, 0.0, 0.0, 1.0]], [[0.9933048486709595, 0.006498102098703384, -0.11534007638692856, 0.2510252594947815], [-0.11528502404689789, -0.008292203769087791, -0.9932978749275208, 2.982426404953003], [-0.007410974241793156, 0.9999445080757141, -0.007487552240490913, 0.1037941724061966], [0.0, 0.0, 0.0, 1.0]], [[0.9933048486709595, 0.006498102098703384, -0.11534007638692856, -0.24562716484069824], [-0.11528502404689789, -0.008292203769087791, -0.9932978749275208, 3.040068916976452], [-0.007410974241793156, 0.9999445080757141, -0.007487552240490913, 0.10749965952709317], [0.0, 0.0, 0.0, 1.0]], [[0.9926314353942871, 0.006048692390322685, -0.12102200090885162, 0.2633093297481537], [-0.12096577137708664, -0.008929791860282421, -0.9926164746284485, 3.1215856075286865], [-0.007084733806550503, 0.9999418258666992, -0.00813230685889721, 0.10940629243850708], [0.0, 0.0, 0.0, 1.0]], [[0.9926314353942871, 0.006048692390322685, -0.12102200090885162, -0.23300638794898987], [-0.12096577137708664, -0.008929791860282421, -0.9926164746284485, 3.18206849321723], [-0.007084733806550503, 0.9999418258666992, -0.00813230685889721, 0.11294865934178233], [0.0, 0.0, 0.0, 1.0]], [[0.9917135834693909, 0.0059300982393324375, -0.12833169102668762, 0.26759064197540283], [-0.12826891243457794, -0.009973389096558094, -0.9916892647743225, 3.253171443939209], [-0.007160716224461794, 0.9999326467514038, -0.00913009699434042, 0.111025370657444], [0.0, 0.0, 0.0, 1.0]], [[0.9917135834693909, 0.0059300982393324375, -0.12833169102668762, -0.2282661497592926], [-0.12826891243457794, -0.009973389096558094, -0.9916892647743225, 3.317305900156498], [-0.007160716224461794, 0.9999326467514038, -0.00913009699434042, 0.1146057287696749], [0.0, 0.0, 0.0, 1.0]], [[0.9900540113449097, 0.007075979374349117, -0.14050999283790588, 0.27359744906425476], [-0.14043480157852173, -0.010193835012614727, -0.9900374412536621, 3.373548984527588], [-0.00843781977891922, 0.9999229907989502, -0.009098732843995094, 0.12082594633102417], [0.0, 0.0, 0.0, 1.0]], [[0.9900540113449097, 0.007075979374349117, -0.14050999283790588, -0.22142955660820007], [-0.14043480157852173, -0.010193835012614727, -0.9900374412536621, 3.4437663853168488], [-0.00843781977891922, 0.9999229907989502, -0.009098732843995094, 0.12504485622048378], [0.0, 0.0, 0.0, 1.0]], [[0.9864675998687744, 0.008409219793975353, -0.16374032199382782, 0.29355186223983765], [-0.16364924609661102, -0.010572976432740688, -0.9864619374275208, 3.488529920578003], [-0.0100265983492136, 0.9999087452888489, -0.009053735993802547, 0.12316496670246124], [0.0, 0.0, 0.0, 1.0]], [[0.9864675998687744, 0.008409219793975353, -0.16374032199382782, -0.19968193769454956], [-0.16364924609661102, -0.010572976432740688, -0.9864619374275208, 3.5703545436263084], [-0.0100265983492136, 0.9999087452888489, -0.009053735993802547, 0.12817826587706804], [0.0, 0.0, 0.0, 1.0]]], "generation_sets": [[1, 2, 3], [4, 5], [6, 7], [8, 9], [10, 11], [12, 13], [14, 15], [16, 17], [18, 19], [20, 21], [22, 23], [24, 25], [26, 27], [28, 29], [30, 31], [32, 33], [34, 35], [36, 37], [38, 39], [40, 41]], "generation_sets_conditioning": [[0], [2, 3], [4, 5], [6, 7], [8, 9], [10, 11], [12, 13], [14, 15], [16, 17], [18, 19], [20, 21], [22, 23], [24, 25], [26, 27], [28, 29], [30, 31], [32, 33], [34, 35], [36, 37], [38, 39]]}